100.071233
-89.780735
80.456915
-77.671616
-37.975166
106.801578
-30.605863
7.884174
17.618857
-86.481329
-85.593925
48.438913
-69.381896
9.815663
-100.696891
81.229624
117.578605
-62.077887
-65.657608
-63.722532
84.692129
-54.825211
17.362340
71.466811
-7.835996
75.336842
26.107377
63.526808
105.814365
127.010487
118.245909
94.385845
12.087176
87.223618
109.891488
29.707437
21.827607
65.843259
-108.581302
111.106735
-124.953070
-48.328949
-60.679351
-12.661351
-88.991227
-107.987065
-126.813639
-106.384424
-92.512143
-62.903762
-38.404156
-6.838055
12.729244
64.954648
-114.188770
-94.744011
-41.696603
7.304483
39.444249
-106.541727
83.409146
-14.674363
70.377079
-25.655642
-61.473177
-25.137143
71.744529
38.173562
76.817531
-108.552527
-28.226858
59.320931
-17.558060
-66.581465
-66.127031
37.822967
105.125784
-96.430353
-24.598491
-12.563531
-81.447161
-80.919606
-103.307642
12.034276
-60.466453
-66.572153
-94.214837
-52.141874
-90.742021
-21.179630
113.164951
62.641359
-93.166449
-115.288466
116.770442
-79.627516
94.538805
103.095324
19.253400
47.814511
20.404374
113.865521
-112.696437
-81.021144
12.764212
-2.338792
-67.896342
-33.667943
-90.891572
-2.751325
-37.591406
32.158352
90.375966
-41.543831
82.225674
71.738223
31.246114
102.413785
-124.056720
-107.231803
-38.156190
-33.472824
-116.985907
109.922809
3.391882
-99.532095
-84.738552
70.582446
